Pattern 1 : no=5

    1 1 1 1 1
    2 2 2 2 2
    3 3 3 3 3
    4 4 4 4 4
    5 5 5 5 5
========================================
Pattern 2 : no=5

     1 2 3 4 5
     1 2 3 4 5
     1 2 3 4 5
     1 2 3 4 5
     1 2 3 4 5
========================================
Pattern 3 : no=5

     1
     2 2
     3 3 3
     4 4 4 4
     5 5 5 5 5
========================================
Pattern 4 : no=5

     1
     1 2
     1 2 3
     1 2 3 4
     1 2 3 4 5
========================================
Pattern 5 : no=5

     1
     2  3
     4  5  6
     7  8  9  10
     11 12 13 14 15
========================================